3.610294117647058876e+00
3.709677419354838523e+00
2.796296296296296280e+00
4.333333333333333037e+00
2.874285714285714111e+00
3.635071090047393483e+00
3.965260545905707090e+00
3.796610169491525522e+00
4.272727272727272485e+00
4.206521739130434590e+00
3.464088397790055396e+00
4.392156862745098422e+00
3.097484276729559838e+00
4.091836734693877986e+00
2.875000000000000000e+00
4.328571428571428292e+00
3.035714285714285587e+00
3.880866425992779867e+00
3.549999999999999822e+00
3.104166666666666519e+00
2.670391061452514148e+00
3.351562500000000000e+00
3.635761589403973648e+00
4.323529411764705621e+00
4.051282051282051100e+00
2.943925233644860029e+00
3.240000000000000213e+00
3.721518987341772000e+00
3.647058823529411686e+00
3.767441860465116310e+00
3.916666666666666519e+00
3.317073170731707155e+00
3.708333333333333481e+00
4.049999999999999822e+00
3.000000000000000000e+00
3.799999999999999822e+00
3.649122807017543657e+00
3.719008264462809965e+00
3.772727272727272929e+00
2.885714285714285676e+00
3.769230769230769162e+00
3.726775956284153146e+00
3.710407239819004666e+00
3.649006622516556497e+00
3.604166666666666519e+00
4.111111111111110716e+00
3.640000000000000124e+00
3.787878787878788067e+00
2.683720930232558199e+00
3.541666666666666519e+00
3.565217391304347672e+00
4.267857142857143238e+00
3.821428571428571619e+00
3.692307692307692513e+00
3.285714285714285587e+00
3.641711229946523964e+00
3.500000000000000000e+00
3.837662337662337553e+00
3.934554973821989599e+00
4.086538461538461675e+00
2.952380952380952550e+00
3.301724137931034697e+00
3.118279569892473013e+00
3.584999999999999964e+00
3.937500000000000000e+00
3.473684210526315930e+00
3.766666666666666607e+00
3.029411764705882248e+00
3.846153846153846256e+00
3.465648854961832281e+00
3.789473684210526105e+00
3.817518248175182372e+00
3.727272727272727071e+00
3.641025641025640969e+00
3.278481012658228000e+00
3.560975609756097615e+00
3.611111111111111160e+00
3.380952380952380931e+00
4.000000000000000000e+00
3.758620689655172598e+00
3.293103448275862100e+00
3.071428571428571619e+00
3.419354838709677491e+00
3.852941176470588314e+00
3.538194444444444642e+00
3.521739130434782705e+00
3.791469194312796276e+00
3.952380952380952550e+00
4.039473684210526550e+00
4.223333333333333606e+00
3.887755102040816535e+00
3.244845360824742286e+00
3.350000000000000089e+00
3.657500000000000195e+00
3.417266187050359783e+00
4.267857142857143238e+00
4.158730158730159054e+00
3.592592592592592560e+00
3.551470588235293935e+00
3.067796610169491345e+00
2.895522388059701413e+00
2.615740740740740922e+00
3.620689655172413701e+00
2.666666666666666519e+00
3.391304347826086918e+00
3.765625000000000000e+00
3.000000000000000000e+00
3.575757575757575690e+00
3.440170940170940383e+00
3.045112781954887105e+00
3.541666666666666519e+00
3.695652173913043459e+00
3.725490196078431460e+00
3.604166666666666519e+00
3.934782608695652328e+00
3.006993006993007089e+00
3.918604651162790553e+00
4.661971830985915055e+00
3.950276243093922446e+00
3.576923076923077094e+00
3.608108108108107892e+00
3.983606557377049384e+00
3.851851851851851638e+00
3.500000000000000000e+00
3.439560439560439775e+00
3.533333333333333215e+00
4.130434782608695343e+00
3.663043478260869623e+00
2.600000000000000089e+00
3.985835694050991584e+00
4.133333333333333748e+00
3.772727272727272929e+00
3.192307692307692513e+00
3.640000000000000124e+00
3.381818181818181834e+00
4.342857142857142527e+00
4.319148936170212671e+00
4.274509803921568540e+00
4.000000000000000000e+00
3.428571428571428381e+00
3.429906542056074592e+00
3.636363636363636243e+00
3.899999999999999911e+00
3.674757281553397981e+00
3.335443037974683556e+00
3.620689655172413701e+00
4.200000000000000178e+00
4.000000000000000000e+00
2.888888888888888840e+00
3.843750000000000000e+00
3.996742671009771986e+00
4.320754716981132226e+00
2.956521739130434590e+00
3.960784313725490335e+00
2.636363636363636243e+00
3.729729729729729826e+00
3.784313725490195957e+00
3.803468208092485536e+00
3.429906542056074592e+00
3.916666666666666519e+00
2.551724137931034697e+00
3.595238095238095344e+00
3.304347826086956541e+00
4.126984126984127421e+00
4.000000000000000000e+00
3.549999999999999822e+00
3.376811594202898448e+00
3.333333333333333481e+00
3.972972972972972805e+00
3.772727272727272929e+00
3.464285714285714413e+00
3.185185185185185119e+00
4.209302325581395721e+00
3.581920903954802338e+00
3.736842105263157965e+00
3.698412698412698596e+00
3.617391304347826075e+00
3.681318681318681119e+00
3.047619047619047450e+00
3.936507936507936289e+00
1.491954022988505768e+00
3.857142857142857206e+00
3.188679245283018826e+00
3.661354581673306630e+00
4.041666666666666963e+00
3.413043478260869623e+00
4.071428571428571175e+00
3.767857142857142794e+00
3.978609625668449112e+00
3.322033898305084776e+00
3.629629629629629761e+00
3.514285714285714235e+00
3.165289256198347001e+00
2.963934426229508201e+00
3.291666666666666519e+00
3.615384615384615419e+00
3.338983050847457612e+00
3.276243093922651894e+00
2.950000000000000178e+00
4.032407407407407440e+00
3.031088082901554515e+00
2.799999999999999822e+00
3.418604651162790553e+00
3.452380952380952550e+00
2.863636363636363757e+00
2.171875000000000000e+00
3.230434782608695432e+00
3.787878787878788067e+00
3.181818181818181657e+00
4.060606060606060552e+00
3.189189189189189033e+00
3.919999999999999929e+00
4.230158730158730229e+00
3.898437500000000000e+00
3.774193548387096975e+00
3.801526717557251800e+00
2.960526315789473895e+00
3.603773584905660243e+00
3.714285714285714413e+00
3.772727272727272929e+00
3.616438356164383361e+00
3.049095607235142058e+00
3.028571428571428470e+00
2.992907801418439817e+00
4.518518518518518157e+00
3.799999999999999822e+00
3.448275862068965303e+00
3.142857142857142794e+00
2.733333333333333393e+00
3.849624060150375726e+00
3.666666666666666519e+00
3.903225806451612989e+00
4.345454545454545681e+00
3.122916666666666785e+00
3.978723404255319007e+00
3.475806451612903025e+00
4.145833333333333037e+00
3.275862068965517349e+00
4.213836477987421780e+00
3.750000000000000000e+00
3.434782608695652328e+00
4.450000000000000178e+00
3.641975308641975495e+00
3.651260504201680579e+00
3.272727272727272929e+00
2.928205128205128016e+00
3.923076923076922906e+00
3.571428571428571619e+00
4.105590062111801331e+00
3.786885245901639330e+00
3.792207792207792139e+00
4.428571428571428825e+00
3.979381443298969145e+00
3.050314465408805020e+00
2.542168674698795261e+00
3.990338164251207687e+00
4.035087719298245723e+00
3.739130434782608869e+00
3.869565217391304213e+00
4.041666666666666963e+00
4.111111111111110716e+00
3.168750000000000178e+00
4.048780487804878092e+00
4.216666666666666785e+00
3.565217391304347672e+00
3.260869565217391131e+00
3.935135135135135354e+00
2.942073170731707155e+00
3.009287925696594534e+00
4.333333333333333037e+00
3.582733812949640217e+00
4.333333333333333037e+00
3.636363636363636243e+00
4.056338028169014009e+00
3.115789473684210442e+00
3.465250965250965098e+00
3.500000000000000000e+00
4.260869565217391575e+00
3.267281105990783363e+00
3.577519379844961378e+00
3.192307692307692513e+00
3.500000000000000000e+00
4.132075471698112956e+00
3.553191489361702260e+00
3.937500000000000000e+00
3.711805555555555358e+00
4.112903225806451957e+00
3.879999999999999893e+00
2.925925925925926041e+00
3.353333333333333499e+00
3.685810810810810967e+00
4.225806451612903025e+00
3.030927835051546282e+00
3.466666666666666785e+00
4.239795918367346594e+00
4.176870748299319480e+00
3.437500000000000000e+00
4.031496062992125928e+00
3.464285714285714413e+00
3.750000000000000000e+00
3.527272727272727337e+00
2.428571428571428381e+00
3.365702479338843034e+00
3.384615384615384581e+00
3.409909909909909942e+00
3.781250000000000000e+00
3.794642857142857206e+00
3.758186397984886629e+00
3.500000000000000000e+00
3.857142857142857206e+00
3.795918367346938993e+00
4.381165919282511645e+00
3.595419847328244156e+00
3.677551020408163396e+00
4.011494252873562871e+00
3.359999999999999876e+00
3.545454545454545414e+00
3.706896551724137900e+00
3.478260869565217295e+00
3.720779220779220964e+00
3.736000000000000210e+00
4.176470588235294379e+00
3.617977528089887596e+00
4.348484848484848619e+00
3.408450704225352013e+00
3.326203208556149704e+00
3.313380281690140983e+00
3.431095406360423983e+00
3.399999999999999911e+00
4.496598639455782198e+00
3.642857142857142794e+00
4.153005464480874487e+00
3.846153846153846256e+00
3.519519519519519690e+00
3.545454545454545414e+00
2.961538461538461675e+00
3.941176470588235503e+00
4.000000000000000000e+00
4.003937007874015741e+00
4.159090909090909172e+00
3.809523809523809312e+00
3.437810945273631624e+00
3.987341772151898667e+00
3.668421052631579027e+00
3.646551724137931050e+00
3.290155440414507915e+00
3.572864321608040239e+00
3.896551724137931050e+00
3.195121951219512368e+00
4.320000000000000284e+00
4.159090909090909172e+00
3.738095238095238138e+00
3.359999999999999876e+00
3.742489270386266220e+00
4.076923076923076650e+00
3.583333333333333481e+00
4.131578947368421240e+00
3.697674418604651070e+00
3.925925925925926041e+00
3.960784313725490335e+00
3.776859504132231482e+00
3.359999999999999876e+00
3.054662379421221985e+00
3.450000000000000178e+00
3.379310344827586299e+00
4.393939393939393590e+00
4.155172413793103203e+00
3.288888888888888751e+00
4.000000000000000000e+00
3.693333333333333357e+00
4.098039215686274161e+00
4.303030303030302761e+00
3.733905579399141583e+00
3.310218978102189791e+00
3.678571428571428381e+00
3.733333333333333393e+00
3.909090909090909172e+00
3.423999999999999932e+00
3.989795918367347038e+00
3.197530864197530853e+00
3.811023622047243986e+00
3.471698113207547287e+00
4.380281690140845008e+00
4.136363636363636687e+00
3.295373665480426872e+00
3.652173913043478048e+00
3.361842105263157965e+00
4.173076923076923350e+00
3.704797047970479706e+00
3.838709677419354982e+00
3.768595041322313932e+00
4.045045045045045029e+00
3.337053571428571619e+00
3.859060402684563851e+00
3.894736842105263275e+00
3.407407407407407440e+00
3.705882352941176627e+00
3.709302325581395277e+00
2.937304075235109835e+00
3.590909090909090828e+00
3.117647058823529438e+00
3.897058823529411686e+00
3.680000000000000160e+00
3.250000000000000000e+00
1.834464043419267387e+00
3.532163742690058506e+00
3.469026548672566435e+00
3.740740740740740922e+00
3.591133004926108541e+00
3.035714285714285587e+00
3.775862068965517349e+00
3.941176470588235503e+00
3.660000000000000142e+00
3.879999999999999893e+00
4.166666666666666963e+00
3.845841784989858070e+00
3.246575342465753522e+00
2.899999999999999911e+00
4.218750000000000000e+00
4.166666666666666963e+00
3.854838709677419484e+00
3.463917525773196004e+00
3.578125000000000000e+00
3.363636363636363757e+00
2.955882352941176627e+00
3.831683168316831534e+00
4.548387096774193949e+00
3.927272727272727249e+00
3.393719806763284996e+00
3.553846153846153655e+00
3.380952380952380931e+00
3.709677419354838523e+00
3.512195121951219523e+00
3.704545454545454586e+00
3.316622691292876013e+00
3.751724137931034431e+00
3.581749049429657994e+00
4.060606060606060552e+00
3.709677419354838523e+00
4.176470588235294379e+00
3.500000000000000000e+00
3.125874125874125831e+00
3.375000000000000000e+00
3.791666666666666519e+00
1.985185185185185164e+00
2.750000000000000000e+00
3.597122302158273222e+00
3.342105263157894690e+00
3.746666666666666590e+00
3.864814814814814703e+00
2.734693877551020336e+00
3.412621359223301010e+00
3.288461538461538325e+00
2.978813559322033733e+00
3.502645502645502784e+00
3.456221198156681940e+00
4.025270758122744041e+00
3.688524590163934302e+00
3.381355932203389703e+00
3.411764705882352811e+00
3.000000000000000000e+00
4.000000000000000000e+00
2.864661654135338242e+00
4.037735849056604209e+00
3.437500000000000000e+00
3.465346534653465316e+00
3.681818181818181657e+00
3.993006993006992911e+00
4.534883720930232620e+00
3.578947368421052655e+00
3.387096774193548487e+00
4.228136882129277296e+00
3.914285714285714146e+00
4.082568807339449712e+00
3.600000000000000089e+00
3.373493975903614661e+00
4.457142857142857295e+00
3.415929203539822989e+00
3.420792079207920722e+00
3.733333333333333393e+00
3.982142857142857206e+00
3.423076923076922906e+00
3.050847457627118509e+00
3.992805755395683498e+00
3.038461538461538325e+00
3.222222222222222321e+00
3.645021645021644829e+00
3.357142857142857206e+00
3.724770642201834736e+00
2.789473684210526105e+00
3.848484848484848619e+00
3.527272727272727337e+00
3.755555555555555536e+00
3.872340425531914931e+00
3.953051643192488473e+00
3.031007751937984551e+00
3.179211469534050316e+00
3.288590604026845554e+00
3.862745098039215730e+00
3.342222222222222427e+00
3.767123287671232834e+00
3.108108108108107892e+00
4.018749999999999822e+00
3.621513944223107462e+00
3.366071428571428381e+00
3.673553719008264551e+00
4.724137931034483096e+00
3.827586206896551602e+00
2.515151515151515138e+00
2.766666666666666607e+00
3.750000000000000000e+00
4.333333333333333037e+00
4.363636363636363313e+00
3.840206185567010433e+00
3.000000000000000000e+00
4.095238095238094900e+00
3.297297297297297369e+00
3.643835616438356073e+00
4.122448979591836427e+00
3.434782608695652328e+00
3.140000000000000124e+00
4.333333333333333037e+00
4.360000000000000320e+00
3.493464052287581723e+00
3.296296296296296280e+00
3.235294117647058876e+00
3.832116788321167977e+00
3.716981132075471539e+00
3.604651162790697860e+00
3.888888888888888840e+00
3.233333333333333393e+00
4.120437956204379581e+00
3.384615384615384581e+00
4.075000000000000178e+00
3.935779816513761631e+00
3.871165644171778997e+00
2.865306122448979753e+00
3.617283950617284027e+00
3.982142857142857206e+00
3.714285714285714413e+00
3.624060150375939759e+00
3.488888888888888928e+00
3.532994923857867953e+00
2.806451612903225978e+00
3.506172839506172867e+00
3.898305084745762539e+00
3.652173913043478048e+00
3.670967741935483808e+00
3.720000000000000195e+00
3.674999999999999822e+00
3.802395209580838209e+00
3.095238095238095344e+00
4.169999999999999929e+00
3.570175438596491446e+00
4.019230769230769162e+00
4.204545454545454142e+00
3.754716981132075304e+00
4.200000000000000178e+00
3.578947368421052655e+00
3.396039603960395947e+00
3.025210084033613356e+00
3.541666666666666519e+00
3.766666666666666607e+00
3.411764705882352811e+00
4.542857142857142705e+00
3.442953020134228215e+00
3.954838709677419573e+00
3.370370370370370239e+00
3.485714285714285765e+00
2.681818181818181657e+00
3.450000000000000178e+00
3.250000000000000000e+00
3.745098039215686292e+00
3.521739130434782705e+00
3.153846153846153744e+00
3.527777777777777679e+00
3.803191489361702260e+00
2.666666666666666519e+00
3.472972972972972805e+00
3.553191489361702260e+00
4.035714285714285587e+00
3.274193548387096975e+00
4.444444444444444642e+00
3.541666666666666519e+00
3.737499999999999822e+00
3.325301204819277157e+00
2.969387755102040671e+00
3.742222222222222339e+00
3.441860465116278966e+00
3.500000000000000000e+00
3.654761904761904656e+00
3.813888888888889106e+00
3.608974358974359031e+00
3.479999999999999982e+00
3.197916666666666519e+00
3.600000000000000089e+00
3.634146341463414753e+00
3.680000000000000160e+00
3.893617021276595924e+00
3.584269662921348409e+00
3.081081081081081141e+00
3.793103448275862100e+00
3.787234042553191404e+00
3.296296296296296280e+00
3.755555555555555536e+00
3.966101694915254328e+00
3.837837837837837718e+00
3.674846625766871266e+00
2.392857142857142794e+00
3.733333333333333393e+00
3.833333333333333481e+00
3.370370370370370239e+00
4.321428571428571175e+00
3.128205128205128194e+00
3.864077669902912682e+00
3.627906976744185830e+00
2.620370370370370239e+00
3.287037037037037202e+00
3.505617977528090012e+00
3.827272727272727160e+00
3.549707602339181367e+00
3.390350877192982448e+00
3.733333333333333393e+00
3.531914893617021267e+00
3.433962264150943522e+00
2.343750000000000000e+00
3.292817679558011079e+00
4.703703703703703276e+00
4.082644628099173723e+00
3.324074074074073959e+00
3.100000000000000089e+00
3.661016949152542388e+00
3.310344827586206851e+00
3.370370370370370239e+00
3.264705882352941124e+00
4.450000000000000178e+00
2.490384615384615419e+00
3.537313432835821114e+00
2.959459459459459651e+00
4.229357798165137794e+00
4.125000000000000000e+00
3.622641509433962348e+00
3.737864077669903029e+00
4.000000000000000000e+00
3.959016393442623016e+00
2.947368421052631415e+00
3.827586206896551602e+00
3.259259259259259078e+00
3.791666666666666519e+00
3.154340836012861526e+00
3.285714285714285587e+00
3.136363636363636243e+00
2.692579505300353393e+00
3.687074829931972886e+00
2.908029197080292061e+00
2.541666666666666519e+00
3.241379310344827402e+00
3.732394366197183011e+00
3.790575916230366271e+00
2.584821428571428381e+00
3.917355371900826277e+00
3.869565217391304213e+00
3.531645569620253333e+00
3.746987951807228878e+00
3.478873239436619524e+00
3.665306122448979576e+00
3.957446808510638459e+00
3.521739130434782705e+00
3.379999999999999893e+00
3.847826086956521952e+00
3.580645161290322509e+00
3.241379310344827402e+00
3.885714285714285676e+00
3.658536585365853799e+00
3.705882352941176627e+00
3.584415584415584277e+00
3.591836734693877542e+00
3.428571428571428381e+00
3.661290322580645018e+00
4.000000000000000000e+00
3.227272727272727071e+00
3.137844611528822103e+00
3.226666666666666572e+00
3.488372093023255793e+00
2.049999999999999822e+00
4.563380281690140983e+00
3.476190476190476275e+00
4.833333333333333037e+00
3.833333333333333481e+00
3.147826086956521774e+00
4.218750000000000000e+00
3.274999999999999911e+00
3.136363636363636243e+00
4.152866242038216527e+00
3.289473684210526105e+00
3.931034482758620552e+00
3.714285714285714413e+00
2.842519685039369914e+00
3.147651006711409405e+00
3.666666666666666519e+00
4.212121212121211933e+00
2.451612903225806495e+00
3.531914893617021267e+00
3.777777777777777679e+00
3.710526315789473895e+00
3.310344827586206851e+00
3.495762711864406569e+00
3.200000000000000178e+00
3.572463768115941907e+00
3.697674418604651070e+00
3.859728506787330371e+00
3.765432098765431945e+00
2.966666666666666785e+00
3.522727272727272929e+00
3.383233532934131649e+00
3.888475836431226629e+00
3.709677419354838523e+00
3.692307692307692513e+00
3.104477611940298587e+00
3.966666666666666785e+00
3.535714285714285587e+00
3.619047619047619069e+00
3.272727272727272929e+00
2.164705882352941035e+00
3.799999999999999822e+00
3.000000000000000000e+00
3.037267080745341463e+00
3.576923076923077094e+00
2.857142857142857206e+00
3.236842105263157965e+00
3.385542168674698704e+00
3.700000000000000178e+00
3.028037383177569986e+00
3.609375000000000000e+00
3.320754716981132226e+00
3.000000000000000000e+00
3.969696969696969724e+00
3.675675675675675880e+00
3.600000000000000089e+00
3.399999999999999911e+00
3.461538461538461675e+00
3.461538461538461675e+00
3.685714285714285499e+00
3.851851851851851638e+00
3.100000000000000089e+00
3.641791044776119257e+00
4.054607508532423132e+00
3.722222222222222321e+00
3.622950819672130951e+00
3.090909090909090828e+00
3.541666666666666519e+00
3.205479452054794454e+00
3.596491228070175517e+00
3.382352941176470562e+00
3.105263157894736725e+00
3.192660550458715552e+00
3.367469879518072418e+00
3.876750700280112039e+00
4.062500000000000000e+00
3.243902439024390461e+00
2.848484848484848619e+00
3.047619047619047450e+00
3.782945736434108586e+00
3.688073394495412938e+00
4.086956521739130821e+00
3.354285714285714093e+00
4.432432432432432456e+00
3.265625000000000000e+00
3.068965517241379448e+00
4.296875000000000000e+00
3.714285714285714413e+00
4.000000000000000000e+00
3.279503105590062084e+00
2.058035714285714413e+00
3.785714285714285587e+00
3.466666666666666785e+00
4.055555555555555358e+00
2.953846153846154010e+00
3.918918918918918859e+00
3.872727272727272574e+00
3.785714285714285587e+00
2.788793103448275801e+00
3.866666666666666696e+00
3.846153846153846256e+00
3.703703703703703720e+00
3.871794871794871806e+00
3.140350877192982448e+00
3.341365461847389362e+00
3.666666666666666519e+00
3.017316017316017174e+00
3.799999999999999822e+00
3.127659574468085069e+00
3.509090909090909260e+00
4.307692307692307487e+00
3.132075471698113400e+00
3.600558659217877100e+00
2.653846153846153744e+00
3.326359832635983338e+00
4.000000000000000000e+00
3.750000000000000000e+00
4.038461538461538325e+00
3.493333333333333179e+00
3.090909090909090828e+00
3.665662650602409478e+00
3.347985347985348081e+00
3.642857142857142794e+00
3.892156862745097978e+00
4.130434782608695343e+00
3.450000000000000178e+00
4.423076923076923350e+00
4.142857142857143238e+00
3.500000000000000000e+00
2.793103448275862100e+00
2.971428571428571530e+00
3.743169398907103762e+00
3.839999999999999858e+00
3.361111111111111160e+00
3.476190476190476275e+00
4.071428571428571175e+00
3.000000000000000000e+00
4.338709677419354982e+00
3.120000000000000107e+00
4.005405405405405794e+00
2.600000000000000089e+00
3.613793103448275978e+00
3.826086956521739246e+00
3.250000000000000000e+00
3.115384615384615419e+00
3.546875000000000000e+00
3.745283018867924696e+00
3.520547945205479312e+00
2.959999999999999964e+00
3.056179775280898792e+00
3.925925925925926041e+00
4.147058823529412130e+00
3.859999999999999876e+00
3.043478260869565410e+00
4.118279569892473013e+00
3.192982456140351033e+00
4.137055837563451632e+00
3.903225806451612989e+00
3.740740740740740922e+00
2.735294117647058876e+00
3.506172839506172867e+00
3.129032258064516014e+00
3.740740740740740922e+00
3.034246575342465668e+00
4.286666666666667069e+00
4.869565217391304657e+00
4.529411764705882248e+00
3.459330143540670033e+00
3.469387755102040671e+00
2.975609756097560954e+00
3.211981566820276690e+00
3.347826086956521952e+00
3.423076923076922906e+00
3.272727272727272929e+00
3.428571428571428381e+00
3.846153846153846256e+00
3.239436619718309984e+00
4.000000000000000000e+00
4.363636363636363313e+00
3.121495327102803863e+00
3.823129251700680076e+00
2.287878787878788067e+00
2.700000000000000178e+00
4.263157894736842479e+00
2.951923076923077094e+00
2.872340425531914931e+00
3.453531598513011058e+00
3.495652173913043281e+00
3.380281690140845008e+00
2.899999999999999911e+00
3.823529411764706065e+00
4.191011235955055980e+00
4.190476190476190688e+00
3.827160493827160614e+00
3.268656716417910335e+00
3.689655172413793149e+00
3.426630434782608869e+00
3.320463320463320489e+00
4.051094890510948510e+00
3.925373134328358216e+00
3.720930232558139483e+00
3.313725490196078649e+00
3.362499999999999822e+00
3.923976608187134563e+00
4.299999999999999822e+00
3.435582822085889720e+00
3.857142857142857206e+00
4.127659574468085069e+00
4.000000000000000000e+00
3.423728813559322237e+00
3.636734693877551106e+00
3.750000000000000000e+00
2.980662983425414581e+00
3.962162162162162105e+00
3.500000000000000000e+00
3.525925925925926130e+00
2.555555555555555358e+00
3.854838709677419484e+00
3.448979591836734748e+00
3.852941176470588314e+00
3.744680851063829863e+00
3.274999999999999911e+00
3.804878048780487632e+00
4.571428571428571175e+00
3.554054054054053946e+00
4.346153846153845812e+00
3.166666666666666519e+00
3.806122448979591955e+00
3.811320754716981174e+00
3.522727272727272929e+00
3.086956521739130377e+00
3.115384615384615419e+00
3.365930599369085119e+00
3.542857142857142705e+00
3.349514563106795961e+00
3.470046082949308719e+00
3.230769230769230838e+00
3.272727272727272929e+00
3.370078740157480102e+00
4.148648648648648241e+00
3.756097560975609539e+00
3.125000000000000000e+00
3.299999999999999822e+00
3.691666666666666874e+00
4.687500000000000000e+00
3.693877551020408045e+00
2.968253968253968367e+00
3.721311475409835978e+00
3.966804979253112151e+00
2.646739130434782705e+00
3.701149425287356465e+00
3.923076923076922906e+00
3.746478873239436513e+00
3.375000000000000000e+00
3.268518518518518601e+00
4.265306122448979664e+00
3.457943925233645022e+00
4.045454545454545858e+00
4.265822784810126223e+00
3.410714285714285587e+00
